 &PARAM
 NE      =         199,
 TEND    =   150.000000000000     ,
 ZEX     =   11.2583302491977     ,
 Q1      =   3400.00000000000     ,
 Q2      =   3400.00000000000     ,
 Q3      =   40000.0000000000     ,
 I1      =  0.160000000000000     ,
 I2      =  0.160000000000000     ,
 TH1     =  0.000000000000000E+000,
 TH2     =  0.000000000000000E+000,
 A1      =   4.00000000000000     ,
 A2      =   4.00000000000000     ,
 DTR1    =  0.300000000000000     ,
 DTR2    =  0.300000000000000     ,
 DCIR1   =  3.000000000000000E-004,
 DCIR2   =  3.000000000000000E-004,
 R1      =  6.000000000000000E-002,
 R2      =  6.000000000000000E-002,
 F10     =  0.232591286144662     ,
 F20     =  0.232591286144662     ,
 F30     =   1.74343147883395     ,
 P10     =  -5.67942619273948     ,
 P20     =  -5.67942619273948     ,
 P30     =  -5.32243531078336     ,
 DT      =  5.000000000000000E-002,
 DZ      =  1.000000000000000E-002,
 PITCH   =   1.60000000000000     ,
 FTOL    =  1.000000000000000E-007,
 PTOL    =  1.000000000000000E-007,
 WC      = F,
 FOK     = F,
 INHARM  =           2,
 UKV     =   22.0000000000000     ,
 W_OP    =   28.0175000000000     ,
 LENSM   = F
 /
