 &PARAM
 NE      =         199,
 TEND    =   150.000000000000     ,
 ZEX     =   18.5500000000000     ,
 Q1      =   3127.55530000000     ,
 Q2      =   3127.55530000000     ,
 Q3      =   40000.0000000000     ,
 I1      =  0.440967533067530     ,
 I2      =  0.440967533067530     ,
 TH1     =  0.000000000000000E+000,
 TH2     =  0.000000000000000E+000,
 A1      =   4.00000000000000     ,
 A2      =   4.00000000000000     ,
 DTR1    =  0.548607743134024     ,
 DTR2    =  0.548607743134024     ,
 DCIR1   =  0.000000000000000E+000,
 DCIR2   =  0.000000000000000E+000,
 R1      =  6.000000000000000E-002,
 R2      =  6.000000000000000E-002,
 F10     =  0.200461912587327     ,
 F20     =  0.200461912587327     ,
 F30     =  0.145739158045408     ,
 P10     =   2.42685627046744     ,
 P20     =   2.42685627046744     ,
 P30     =   1.44355157985817     ,
 DT      =  5.000000000000000E-002,
 DZ      =  1.000000000000000E-002,
 PITCH   =   1.50000000000000     ,
 FTOL    =  1.000000000000000E-007,
 PTOL    =  1.000000000000000E-007,
 WC      = F,
 FOK     = T,
 INHARM  =           2,
 UKV     =   22.0000000000000     ,
 W_OP    =   28.0175000000000     ,
 LENSM   = T,
 BTOD    = T,
 B1      =  0.514000000000000     ,
 B2      =  0.514000000000000     ,
 IATOI   = T,
 IA1     =   1.60000000000000     ,
 IA2     =   1.60000000000000     
 /
