 &PARAM
 NE      =           8,
 TEND    =   40.0000000000000     ,
 ZEX     =   40.0000000000000     ,
 Q1      =   3400.00000000000     ,
 Q2      =   3400.00000000000     ,
 Q3      =   40000.0000000000     ,
 I1      =  0.160000000000000     ,
 I2      =  0.160000000000000     ,
 TH1     =  0.000000000000000E+000,
 TH2     =  0.000000000000000E+000,
 A1      =  0.000000000000000E+000,
 A2      =  0.000000000000000E+000,
 DTR1    =  0.300000000000000     ,
 DTR2    =  0.300000000000000     ,
 DCIR1   =  0.000000000000000E+000,
 DCIR2   =  0.000000000000000E+000,
 R1      =  0.000000000000000E+000,
 R2      =  0.000000000000000E+000,
 F10     =  0.102130875473170     ,
 F20     =  0.102130875473170     ,
 F30     =  0.197175656735614     ,
 P10     =  -4.79401510644529     ,
 P20     =  -4.79401510644529     ,
 P30     =  0.000000000000000E+000,
 DT      =  2.000000000000000E-003,
 DZ      =  1.000000000000000E-002,
 PITCH   =   1.20000000000000     ,
 FTOL    =  1.000000000000000E-007,
 PTOL    =  1.000000000000000E-007
 /
